2J P   S L   CF   NI       ENERGY(RYD)
 1 0   2 0    1    1        0.00000000       
 1 1  -2 1    2    2       48.03748589       
 3 1  -2 1    2    1       48.05111823       
 1 1  -2 1    3    2       56.93736148       
 3 1  -2 1    3    1       56.94140070       
 1 1  -2 1    4    2       60.05176270       
 3 1  -2 1    4    1       60.05346674       
 1 1  -2 1    5    2       61.49304846       
 3 1  -2 1    5    1       61.49392093       
 1 1  -2 1    6    2       62.27587032       
 3 1  -2 1    6    1       62.27637522       
 0 0   0 0    0    0      -64.05453008
