  NV=    6  LV=   -1       K    1    2    3    4    5    6    7    8    9   10   11   12   13   14   15   16   17   18   19   20
  6CFIC  G   Z= 8    N= 1  NL  1 0  2 1  3 1  4 1  5 1  6 1
    1    2    0 0  11
    2    6    0 0  12
    3    6    0 0  13
    4    6    0 0  14
    5    6    0 0  15
    6    6    0 0  16
        I-S            C-S           AUTO-IONIZATION DATA       Z= 8   N= 1
   CF   LV    W   CF   LV    W      AA*SEC         E-C(RYD)      E-I(RYD)
                                                                   0.000000
   NLEVEL=   11                                       E1/RY=     -64.054530
    K   LV    T 2S+1    L   2J   CF     (EK-E1)/RY
    1    6    6    2    0    1    1       0.000000
    2    7    1   -2    1    1    2      48.037486
    3    1    1   -2    1    3    2      48.051118
    4    8    2   -2    1    1    3      56.937361
    5    2    2   -2    1    3    3      56.941401
    6    9    3   -2    1    1    4      60.051763
    7    3    3   -2    1    3    4      60.053467
    8   10    4   -2    1    1    5      61.493048
    9    4    4   -2    1    3    5      61.493921
   10   11    5   -2    1    1    6      62.275870
   11    5    5   -2    1    3    6      62.276375
        I-S            G-S               RADIATIVE DATA         Z= 8   N= 1
   CF   LV    W   CF   LV    W      AR*SEC         DEL(RYD)      E-G(RYD)
    2    7    2    1    6    2    2.57526E+12      48.037486     -64.054530
    2    1    4    1    6    2   -2.57745E+12      48.051118     -64.054530
    3    8    2    1    6    2    6.86158E+11      56.937361     -64.054530
    3    2    4    1    6    2   -6.86302E+11      56.941401     -64.054530
    4    9    2    1    6    2    2.79239E+11      60.051763     -64.054530
    4    3    4    1    6    2   -2.79261E+11      60.053467     -64.054530
    5   10    2    1    6    2    1.40516E+11      61.493048     -64.054530
    5    4    4    1    6    2   -1.40522E+11      61.493921     -64.054530
    6   11    2    1    6    2    8.04326E+10      62.275870     -64.054530
    6    5    4    1    6    2   -8.04342E+10      62.276375     -64.054530
  
    
