  NV=    6  LV=   -1       K    1    2    3    4    5    6    7    8    9   10   11   12   13   14   15   16   17   18   19   20
  6CFLS  G   Z= 8    N= 1  NL  1 0  2 1  3 1  4 1  5 1  6 1
    1    2    0 0  11
    2    6    0 0  12
    3    6    0 0  13
    4    6    0 0  14
    5    6    0 0  15
    6    6    0 0  16
        I-S            C-S           AUTO-IONIZATION DATA       Z= 8   N= 1
   CF    T    W   CF    T    W      AA*SEC         E-C(RYD)      E-I(RYD)
                                                                   0.000000
    NTERM=    6                                       E1/RY=     -64.000001
    I    T      2S+1    L        CF     (EI-E1)/RY
    1    6         2    0         1       0.000000
    2    1        -2    1         2      48.000001
    3    2        -2    1         3      56.888891
    4    3        -2    1         4      60.000001
    5    4        -2    1         5      61.440001
    6    5        -2    1         6      62.222223
        I-S            G-S               RADIATIVE DATA         Z= 8   N= 1
   CF    T    W   CF    T    W      AR*SEC         DEL(RYD)      E-G(RYD)
    2    1    6    1    6    2   -2.56750E+12      48.000001     -64.000001
    3    2    6    1    6    2   -6.85441E+11      56.888891     -64.000001
    4    3    6    1    6    2   -2.79445E+11      60.000001     -64.000001
    5    4    6    1    6    2   -1.40878E+11      61.440001     -64.000001
    6    5    6    1    6    2   -8.08514E+10      62.222223     -64.000001
    
    
